Before Fork
0
child PID
-2
1
Waiting
0
0
Wait entered
waitingPID
1
2
-1
2001
4
2003
6
2005
8
2007
10
2009
12
2011
14
2013
16
2015
18
2017
20
2019
22
Exit entered
Shared Exit e
Exit resumed
24
26
28
30
32
34
36
38
40
42
44
46
48
50
52
54
56
58
60
62
64
66
68
70
72
74
76
78
80
82
84
86
88
90
92
94
96
98
100
102
104
106
108
110
112
114
116
118
120
122
124
126
128
130
132
134
136
138
140
142
144
146
148
150
152
154
156
158
160
162
164
166
168
170
172
174
176
178
180
182
184
186
188
190
192
194
196
198
Signal entere
Exit entered
Machine is halting
